SIZES
  nstack                1703936
  nbuffer               11520
  pstack                36
  maxuse_stack          155
  maxuse_con            0
  maxuse_efc            3
  solver_iter           1
  solver_nnz            36
  ne                    0
  nf                    0
  nefc                  3
  ncon                  0

TIMER
    0:  duration =  0.15       number = 9
    1:  duration =  0.14       number = 9
    2:  duration =  0          number = 0
    3:  duration =  0.067      number = 9
    4:  duration =  0.015      number = 9
    5:  duration =  0.0037     number = 9
    6:  duration =  0.0052     number = 9
    7:  duration =  0.044      number = 9
    8:  duration =  0.026      number = 9
    9:  duration =  0.0097     number = 9
    10:  duration =  0.0016     number = 9
    11:  duration =  0.026      number = 9
    12:  duration =  0.00093    number = 9

SOLVER STAT
  solver_iter = 1
  solver_nnz = 36
    0:  improvement =  0.083     gradient =  8.4e-16   lineslope =  1.7e-17 
        nactive = 3   nchange = 0   neval = 2   nupdate = 0
solver_fwdinv =   0         0       

ENERGY =   0         0       

TIME =  12      

QPOS
   0.45    
   1.2     
  -0.33    
  -0.94    
  -0.95    
  -0.94    

QVEL
  -1.9     
   3.2     
   2.5     
  -0.0049  
   0.11    
   0.0026  

QACC_WARMSTART
  -26      
   2.9     
   31      
   0.088   
  -4.7     
   0.091   

CTRL
   0       
   0       
   0       
   0       
   0       
   0       

QFRC_APPLIED
   0       
   0       
   0       
   0       
   0       
   0       

XFRC_APPLIED
   0         0         0         0         0         0       
   0         0         0         0         0         0       
   0         0         0         0         0         0       
   0         0         0         0         0         0       
   0         0         0         0         0         0       
   0         0         0         0         0         0       
   0         0         0         0         0         0       
   0         0         0         0         0         0       

QACC
  -26      
   2.9     
   31      
   0.088   
  -4.7     
   0.091   

XPOS
   0         0         0       
   0         0         0       
   0         0         0.15    
  -0.052     0.11      0.15    
   0.078     0.068    -0.071   
   0.21      0.13     -0.23    
   0.16      0.22     -0.23    
   0.17      0.23     -0.31    

XQUAT
   1         0         0         0       
   1         0         0         0       
   0.97      0         0         0.22    
   0.2      -0.22      0.95      0.047   
   0.36     -0.21      0.91      0.082   
   0.061    -0.22      0.97      0.014   
   0.061    -0.64      0.76     -0.015   
   0.4      -0.58      0.65      0.28    

XMAT
   1         0         0         0         1         0         0         0         1       
   1         0         0         0         1         0         0         0         1       
   0.9      -0.44      0         0.44      0.9       0         0         0         1       
  -0.82     -0.44      0.37     -0.4       0.9       0.18     -0.41      6.9e-17  -0.91    
  -0.66     -0.44      0.61     -0.32      0.9       0.3      -0.68      2.8e-17  -0.73    
  -0.89     -0.44      0.11     -0.43      0.9       0.054    -0.12      9.7e-17  -0.99    
  -0.17     -0.98      0.11     -0.98      0.17      0.054    -0.073    -0.1      -0.99    
  -0.0074   -0.98      0.2      -0.53      0.17      0.83     -0.85     -0.1      -0.52    

XIPOS
   0         0         0       
  -2e-06     1.9e-06   0.042   
   0         0         0.15    
  -0.0078    0.13      0.041   
   0.14      0.1      -0.15    
   0.21      0.13     -0.23    
   0.16      0.22     -0.23    
   0.17      0.23     -0.31    

XIMAT
   1         0         0         0         1         0         0         0         1       
  -0.00042  -0.5       0.87     -0.00043  -0.87     -0.5       1        -0.00058   0.00015 
   0.9      -0.44      0         0.44      0.9       0         0         0         1       
  -0.82     -0.44      0.37     -0.4       0.9       0.18     -0.41      6.9e-17  -0.91    
  -0.66     -0.44      0.61     -0.32      0.9       0.3      -0.68      2.8e-17  -0.73    
   0.11      0.89      0.44      0.054     0.43     -0.9      -0.99      0.12     -1.5e-16 
   0.11      0.17      0.98      0.054     0.98     -0.17     -0.99      0.073     0.1     
   0.2       0.0074    0.98      0.83      0.53     -0.17     -0.52      0.85      0.1     

XANCHOR
   0         0         0.15    
  -0.052     0.11      0.15    
   0.078     0.068    -0.071   
   0.21      0.13     -0.23    
   0.16      0.22     -0.23    
   0.17      0.23     -0.31    

XAXIS
   0         0         1       
  -0.44      0.9       0       
  -0.44      0.9       6.9e-17 
  -0.44      0.9       8.3e-17 
   0.11      0.054    -0.99    
  -0.98      0.17     -0.1     

GEOM_XPOS
  -2e-06     1.9e-06   0.042   
  -2e-06     1.9e-06   0.042   
  -0.0047    0.0097    0.15    
  -0.0047    0.0097    0.15    
  -0.011     0.13      0.049   
  -0.011     0.13      0.049   
   0.15      0.11     -0.16    
   0.15      0.11     -0.16    
   0.17      0.22     -0.23    
   0.17      0.22     -0.23    
   0.17      0.23     -0.31    
   0.17      0.23     -0.31    
   0.1       0.24     -0.32    
   0.1       0.24     -0.32    
   0.092     0.24     -0.32    

GEOM_XMAT
  -0.00042  -0.5       0.87     -0.00043  -0.87     -0.5       1        -0.00058   0.00015 
  -0.00042  -0.5       0.87     -0.00043  -0.87     -0.5       1        -0.00058   0.00015 
   0.9      -0.43     -0.094     0.44      0.88      0.19      7.7e-05  -0.22      0.98    
   0.9      -0.43     -0.094     0.44      0.88      0.19      7.7e-05  -0.22      0.98    
  -0.82     -0.44      0.36     -0.4       0.9       0.19     -0.41      0.0089   -0.91    
  -0.82     -0.44      0.36     -0.4       0.9       0.19     -0.41      0.0089   -0.91    
  -0.66     -0.4       0.64     -0.32      0.92      0.25     -0.68     -0.042    -0.73    
  -0.66     -0.4       0.64     -0.32      0.92      0.25     -0.68     -0.042    -0.73    
  -0.89     -0.45      0.069    -0.43      0.89      0.14     -0.12      0.097    -0.99    
  -0.89     -0.45      0.069    -0.43      0.89      0.14     -0.12      0.097    -0.99    
  -0.17      0.13      0.98     -0.98      0.051    -0.17     -0.072    -0.99      0.12    
  -0.17      0.13      0.98     -0.98      0.051    -0.17     -0.072    -0.99      0.12    
  -0.98      0.002     0.22      0.19      0.52      0.84     -0.11      0.86     -0.5     
  -0.98      0.002     0.22      0.19      0.52      0.84     -0.11      0.86     -0.5     
  -0.98      0.0074    0.2       0.17      0.53      0.83     -0.1       0.85     -0.52    

SUBTREE_COM
   0.049     0.089    -0.013   
   0.049     0.089    -0.013   
   0.059     0.11     -0.025   
   0.077     0.14     -0.078   
   0.17      0.15     -0.21    
   0.18      0.19     -0.24    
   0.17      0.23     -0.25    
   0.17      0.23     -0.31    

CDOF
   0         0         1        -0.089     0.049     0       
  -0.44      0.9       0        -0.15     -0.072    -0.083   
  -0.44      0.9       6.9e-17   0.052     0.025     0.017   
  -0.44      0.9       8.3e-17   0.19      0.093     0.16    
   0.11      0.054    -0.99     -0.12      0.089    -0.009   
  -0.98      0.17     -0.1       0.038     0.3       0.16    

CINERT
   0         0         0         0         0         0         0         0         0         0       
   0.023     0.013     0.022    -0.0081    0.005     0.0091   -0.09     -0.17      0.1       1.9     
   0.079     0.067     0.026    -0.0087    0.016     0.029    -0.098    -0.18      0.33      2       
   0.036     0.042     0.028     0.007     0.014    -0.0055   -0.19      0.14      0.18      3.4     
   0.029     0.041     0.016    -0.0018    0.017     0.0024    0.12      0.013    -0.17      1.3     
   0.04      0.059     0.024    -0.0054    0.027     0.0072    0.13      0.034    -0.17      0.8     
   0.053     0.049     0.027    -0.012     0.019     0.023     0.091     0.11     -0.17      0.8     
   0.039     0.037     0.013    -0.0061    0.013     0.015     0.043     0.049    -0.1       0.35    

ACTUATOR_LENGTH
   0.45    
   1.2     
  -0.33    
  -0.94    
  -0.95    
  -0.94    

ACTUATOR_MOMENT
   1         0         0         0         0         0       
   0         1         0         0         0         0       
   0         0         1         0         0         0       
   0         0         0         1         0         0       
   0         0         0         0         1         0       
   0         0         0         0         0         1       

CRB
   0         0         0         0         0         0         0         0         0         0       
   0.3       0.31      0.16     -0.035     0.11      0.08      0        -2.8e-17   1.9e-16   10      
   0.27      0.3       0.14     -0.027     0.11      0.071     0.09      0.17     -0.1       8.6     
   0.2       0.23      0.11     -0.019     0.091     0.042     0.19      0.34     -0.43      6.6     
   0.16      0.19      0.081    -0.026     0.077     0.047     0.38      0.2      -0.62      3.2     
   0.13      0.15      0.065    -0.024     0.06      0.045     0.26      0.19     -0.45      2       
   0.092     0.086     0.041    -0.018     0.032     0.038     0.13      0.16     -0.27      1.2     
   0.039     0.037     0.013    -0.0061    0.013     0.015     0.043     0.049    -0.1       0.35    

QM
   0.26      0.13      0.033     0.0039   -0.0032   -9.2e-05 
   0.13      0.66      0.26      0.02      4.3e-06   0.00053 
   0.033     0.26      0.13      0.013     1.5e-05   0.00053 
   0.0039    0.02      0.013     0.0077    2.4e-05   0.00053 
  -0.0032    4.3e-06   1.5e-05   2.4e-05   0.0032   -2.3e-18 
  -9.2e-05   0.00053   0.00053   0.00053  -2.3e-18   0.00091 

QLD
   0.22      0.49      0.25      0.54     -0.99     -0.1     
   0.49      0.12      2.2       2.6       0.0013    0.58    
   0.25      2.2       0.11      1.7       0.0048    0.58    
   0.54      2.6       1.7       0.0073    0.0074    0.58    
  -0.99      0.0013    0.0048    0.0074    0.0032   -2.5e-15 
  -0.1       0.58      0.58      0.58     -2.5e-15   0.00091 

QLDIAGINV
   4.5     
   8.6     
   9.5     
   1.4e+02 
   3.1e+02 
   1.1e+03 

QLDIAGSQRTINV
   2.1     
   2.9     
   3.1     
   12      
   18      
   33      

D_rownnz              6 6 6 6 6 6

D_rowadr              0 6 12 18 24 30

D_colind              0 1 2 3 4 5 0 1 2 3 4 5 0 1 2 3 4 5 0 1 2 3 4 5 0 1 2 3 4 5 0 1 2 3 4 5

B_rownnz              6 6 6 6 6 6 6 6

B_rowadr              0 6 12 18 24 30 36 42

B_colind              0 1 2 3 4 5 0 1 2 3 4 5 0 1 2 3 4 5 0 1 2 3 4 5 0 1 2 3 4 5 0 1 2 3 4 5 0 1 2 3 4 5 0 1 2 3 4 5

QDERIV
   0         0         0         0         0         0       
   0         0         0         0         0         0       
   0         0         0         0         0         0       
   0         0         0         0         0         0       
   0         0         0         0         0         0       
   0         0         0         0         0         0       

QLU
   0         0         0         0         0         0       
   0         0         0         0         0         0       
   0         0         0         0         0         0       
   0         0         0         0         0         0       
   0         0         0         0         0         0       
   0         0         0         0         0         0       

CONTACT
EFC_TYPE
  3
  3
  3

EFC_ID
  3
  4
  5

EFC_J
   0         0         0         1         0         0       
   0         0         0         0         1         0       
   0         0         0         0         0         1       

EFC_POS
  -0.0015  
  -0.0036  
  -0.0006  

EFC_MARGIN
   0       
   0       
   0       

EFC_FRICTIONLOSS
   0       
   0       
   0       

EFC_DIAGAPPROX
   1.7e+02 
   3.1e+02 
   1.2e+03 

EFC_KBIP
   2.8e+03   1.1e+02   0.95      0       
   2.8e+03   1.1e+02   0.95      0       
   2.8e+03   1.1e+02   0.93     -79      

EFC_D
   0.11    
   0.061   
   0.011   

EFC_R
   9.2     
   16      
   88      

ACTUATOR_VELOCITY
  -1.8     
   3.2     
   2.4     
  -0.0051  
   0.12    
   0.0024  

CVEL
   0         0         0         0         0         0       
   0         0         0         0         0         0       
   0         0        -1.8       0.16     -0.088     0       
  -1.4       2.9      -1.8      -0.32     -0.32     -0.27    
  -2.5       5.1      -1.8      -0.19     -0.26     -0.23    
  -2.5       5.1      -1.8      -0.19     -0.26     -0.23    
  -2.5       5.1      -1.9      -0.2      -0.25     -0.23    
  -2.5       5.1      -1.9      -0.2      -0.25     -0.23    

CDOF_DOT
   0         0         0         0         0         0       
   1.6       0.79      0        -0.13      0.27      0.11    
   1.6       0.79      0         0.33      0.046    -0.61    
   1.6       0.79     -4.4e-16   1.2       0.15     -1.5     
  -4.9      -2.7      -0.7       0.39     -0.012     0.42    
  -0.18      1.7       4.6       1.5       0.52     -1.2     

QFRC_BIAS
   5.5     
  -6.7     
  -3.8     
   0.13    
   0.0056  
  -0.0067  

QFRC_PASSIVE
   0       
   0       
   0       
   0       
   0       
   0       

EFC_VEL
  -0.0051  
   0.12    
   0.0024  

EFC_AREF
   4.5     
  -3.5     
   1.3     

SUBTREE_LINVEL
   0         0         0       
   0         0         0       
   0         0         0       
   0         0         0       
   0         0         0       
   0         0         0       
   0         0         0       
   0         0         0       

SUBTREE_ANGMOM
   0         0         0       
   0         0         0       
   0         0         0       
   0         0         0       
   0         0         0       
   0         0         0       
   0         0         0       
   0         0         0       

ACTUATOR_FORCE
   0       
   0       
   0       
   0       
   0       
   0       

QFRC_ACTUATOR
   0       
   0       
   0       
   0       
   0       
   0       

QFRC_SMOOTH
  -5.5     
   6.7     
   3.8     
  -0.13    
  -0.0056  
   0.0067  

QACC_SMOOTH
  -25      
  -1.8     
   48      
  -82      
  -26      
   26      

EFC_B
  -87      
  -23      
   24      

EFC_FORCE
   0.48    
   0.074   
   0.014   

EFC_STATE
  1
  1
  1

QFRC_CONSTRAINT
   0       
   0       
   0       
   0.48    
   0.074   
   0.014   

QFRC_INVERSE
   0       
   0       
   0       
   0       
   0       
   0       

CACC
   0         0         0         0         0         0       
   0         0         0         0         0         0       
   0         0         0         0         0         0       
   0         0         0         0         0         0       
   0         0         0         0         0         0       
   0         0         0         0         0         0       
   0         0         0         0         0         0       
   0         0         0         0         0         0       

CFRC_INT
   0         0         0         0         0         0       
   0         0         0         0         0         0       
   0         0         0         0         0         0       
   0         0         0         0         0         0       
   0         0         0         0         0         0       
   0         0         0         0         0         0       
   0         0         0         0         0         0       
   0         0         0         0         0         0       

CFRC_EXT
   0         0         0         0         0         0       
   0         0         0         0         0         0       
   0         0         0         0         0         0       
   0         0         0         0         0         0       
   0         0         0         0         0         0       
   0         0         0         0         0         0       
   0         0         0         0         0         0       
   0         0         0         0         0         0       

